<?xml version="1.0"?>
<opencv_storage>
<id>"stereo_tof"</id>
<version>4</version>
<numCameras>3</numCameras>
<calibrationType>FACTORY</calibrationType>
<calibrationTime>"2015-10-30 19:57:29"</calibrationTime>
<camera_calibrations>
  <camera_0>
    <camera_id>0</camera_id>
    <resolution>
      640 480</resolution>
    <K type_id="opencv-matrix">
      <rows>3</rows>
      <cols>3</cols>
      <dt>d</dt>
      <data>
        7.0781787281885101e+002 0. 3.2306092632373714e+002 0.
        7.0961974906585215e+002 2.5941455014932080e+002 0. 0. 1.</data></K>
    <D type_id="opencv-matrix">
      <rows>1</rows>
      <cols>5</cols>
      <dt>d</dt>
      <data>
        -5.5193301439761576e-003 -1.9899537912663451e-001
        2.1804215771600347e-003 1.1883156016510841e-003
        2.3321183085405808e-001</data></D>
    <R type_id="opencv-matrix">
      <rows>3</rows>
      <cols>3</cols>
      <dt>d</dt>
      <data>
        1. 0. 0. 0. 1. 0. 0. 0. 1.</data></R>
    <T type_id="opencv-matrix">
      <rows>3</rows>
      <cols>1</cols>
      <dt>d</dt>
      <data>
        0. 0. 0.</data></T></camera_0>
  <camera_1>
    <camera_id>1</camera_id>
    <resolution>
      640 480</resolution>
    <K type_id="opencv-matrix">
      <rows>3</rows>
      <cols>3</cols>
      <dt>d</dt>
      <data>
        7.1233061671467715e+002 0. 3.2567575616486511e+002 0.
        7.1391222595266868e+002 2.5188983498935357e+002 0. 0. 1.</data></K>
    <D type_id="opencv-matrix">
      <rows>1</rows>
      <cols>5</cols>
      <dt>d</dt>
      <data>
        -9.9839254378711849e-003 -1.6351427370742894e-001
        3.2176781257543152e-003 2.6818466145333555e-003
        1.6188164129235394e-001</data></D>
    <R type_id="opencv-matrix">
      <rows>3</rows>
      <cols>3</cols>
      <dt>d</dt>
      <data>
        9.9979232300109933e-001 8.6738201282351177e-004
        -2.0360710117998497e-002 -7.2638208827011184e-004
        9.9997571323095413e-001 6.9314729535952637e-003
        2.0366227857096575e-002 -6.9152437909601227e-003
        9.9976867132661462e-001</data></R>
    <T type_id="opencv-matrix">
      <rows>3</rows>
      <cols>1</cols>
      <dt>d</dt>
      <data>
        -5.0156637148292738e+001 -2.0985530151330301e-001
        1.5948294414491929e-001</data></T></camera_1>
  <camera_2>
    <camera_id>2</camera_id>
    <resolution>
      1280 800</resolution>
    <K type_id="opencv-matrix">
      <rows>3</rows>
      <cols>3</cols>
      <dt>d</dt>
      <data>
        1.0629720431354613e+003 0. 6.3299826111289497e+002 0.
        1.0657298840958874e+003 4.4597935750049146e+002 0. 0. 1.</data></K>
    <D type_id="opencv-matrix">
      <rows>1</rows>
      <cols>5</cols>
      <dt>d</dt>
      <data>
        4.5019002899128684e-002 -3.3299830266481850e-001
        4.0660015062427956e-003 -6.2244473303480375e-004
        6.9983053185282229e-001</data></D>
    <R type_id="opencv-matrix">
      <rows>3</rows>
      <cols>3</cols>
      <dt>d</dt>
      <data>
        9.9993639997282502e-001 -3.5067363526168605e-004
        -1.1272667713898513e-002 3.5582759868391458e-004
        9.9999983308687967e-001 4.5520647281990583e-004
        1.1272506203433751e-002 -4.5918864795926146e-004
        9.9993635784967794e-001</data></R>
    <T type_id="opencv-matrix">
      <rows>3</rows>
      <cols>1</cols>
      <dt>d</dt>
      <data>
        -2.5588956485449032e+001 2.4596228037985046e+001
        -5.3912465933270470e-001</data></T></camera_2></camera_calibrations>
<err_reprjRMS>6.8095600000000006e-002</err_reprjRMS>
<err_reprjPerc99>1.8865999999999999e-001</err_reprjPerc99>
</opencv_storage>
